function F=temp_laplace_fun(s)
	F=5.6564*0.0018195./((1.2024)*s)-((0.0018195*s+1).^5.6564-1).*((2.5162*s+1).^0.47378-1)./(s.^2*(1.2024).*((0.0018195*s+1).^5.6564.*(2.5162*s+1).^0.47378-1));